%YAML:1.0
Dictionary: !!opencv-matrix
   rows: 50
   cols: 64
   dt: f
   data: [ -1.96849767e-04, -1.31198985e-03, 4.88339970e-03,
       6.60064071e-03, -2.12112628e-03, -2.06929725e-02, 3.38624418e-02,
       5.08881398e-02, 1.26095982e-02, -1.71281714e-02, 4.13934216e-02,
       4.82307039e-02, 1.51760119e-04, -2.81394314e-04, 5.38186217e-03,
       6.83240453e-03, 3.20421276e-03, -1.10643944e-02, 3.46279740e-02,
       4.39720899e-02, -5.48671447e-02, -7.12972209e-02, 2.50472933e-01,
       3.15947771e-01, 2.72953123e-01, 5.55525385e-02, 3.61745924e-01,
       2.44054720e-01, -1.60262808e-02, 1.12200305e-02, 4.40556332e-02,
       4.12359014e-02, -4.67086397e-03, -7.57990684e-03, 3.07854060e-02,
       3.99298482e-02, 6.19666129e-02, -2.14348882e-02, 1.83770075e-01,
       2.74313718e-01, 1.54479995e-01, -1.39328092e-01, 2.91236550e-01,
       3.41404021e-01, -6.81086490e-03, -2.95160078e-02, 4.33605909e-02,
       5.58090098e-02, -1.07454893e-03, 8.01502378e-04, 4.18802956e-03,
       5.73830027e-03, 3.32525512e-03, 4.19283379e-03, 2.50093229e-02,
       4.19202223e-02, 1.09165730e-02, 4.18395037e-03, 3.23977135e-02,
       4.61672097e-02, 1.47223996e-03, -2.26515913e-04, 5.06073702e-03,
       6.73626550e-03, -8.77111277e-04, -3.99850614e-05, 4.97553963e-03,
       3.52334301e-03, 1.77699476e-02, -7.61500443e-04, 6.45192191e-02,
       2.81065479e-02, 6.85445545e-03, 9.15245060e-03, 2.60590445e-02,
       2.81058326e-02, -4.77845839e-04, 3.67873727e-04, 3.71070206e-03,
       3.78139270e-03, -7.51766562e-03, -1.18197547e-03, 3.87513824e-02,
       2.41365358e-02, 2.20528647e-01, 2.20224187e-02, 5.21682024e-01,
       1.44856930e-01, -9.25379712e-03, 3.97386402e-03, 1.14564054e-01,
       1.28498390e-01, -8.54488462e-03, -5.32619935e-03, 2.96728257e-02,
       2.84228865e-02, -1.01554608e-02, -5.68952505e-03, 4.05444242e-02,
       3.18504050e-02, 1.57307699e-01, -7.06054568e-02, 4.45650369e-01,
       2.39920765e-01, -4.68445523e-03, -1.20402850e-01, 1.99281469e-01,
       3.74574065e-01, -1.02283654e-03, -4.28125681e-03, 3.22604552e-02,
       4.52643856e-02, -1.08020892e-03, 5.93774661e-04, 5.63249364e-03,
       5.30658942e-03, 8.42275936e-03, 6.72230171e-03, 5.18902577e-02,
       3.94649431e-02, 8.43732618e-03, -4.20343084e-03, 3.50050405e-02,
       4.24549989e-02, -3.46907837e-05, -1.36485178e-04, 4.39348398e-03,
       5.37266256e-03, -3.39525985e-04, -4.49618441e-04, 4.74110572e-03,
       4.58594412e-03, 1.27987855e-03, -6.64665457e-03, 3.39412242e-02,
       3.35858911e-02, 1.15161017e-02, 7.44200603e-04, 6.10781014e-02,
       3.32734026e-02, -6.06782385e-04, 6.80137018e-05, 6.42488757e-03,
       4.32818197e-03, -3.00278491e-03, -1.09936611e-03, 3.41203585e-02,
       2.92368438e-02, -2.45373193e-02, -2.88264118e-02, 1.96804851e-01,
       1.97954193e-01, 1.48383841e-01, -2.37248559e-02, 5.40489376e-01,
       2.05978945e-01, -3.75491660e-03, -2.22631427e-03, 4.59857509e-02,
       2.80608367e-02, -4.33947518e-03, 3.29627146e-05, 3.43014710e-02,
       2.79944018e-02, -7.64677767e-03, 2.39174105e-02, 1.83365688e-01,
       1.76968157e-01, 1.25625148e-01, 1.31370611e-02, 5.47615767e-01,
       1.96982428e-01, -1.18136907e-03, 9.25996719e-05, 4.49681580e-02,
       2.68613379e-02, -5.07782795e-04, 2.99232139e-04, 4.64251265e-03,
       4.24375013e-03, 2.96696695e-03, 4.35332721e-03, 3.20270024e-02,
       3.10998075e-02, 8.00378527e-03, -2.48393486e-03, 6.08467385e-02,
       3.15299816e-02, -1.66433136e-04, 6.26789733e-06, 6.14954671e-03,
       4.20563435e-03, 9.01617841e-06, -5.28649369e-04, 6.37296727e-03,
       4.98475647e-03, 4.10001865e-03, -1.21531228e-03, 4.27242965e-02,
       3.45931239e-02, -2.09191744e-03, -1.00104709e-03, 4.25509922e-02,
       3.30543667e-02, 6.99299388e-04, -1.45804079e-04, 5.48388949e-03,
       4.39217081e-03, -9.31000803e-03, -5.65938093e-03, 4.91199531e-02,
       3.71814556e-02, 1.68377563e-01, 6.85224263e-03, 3.63265425e-01,
       2.42162079e-01, -7.99499974e-02, 6.87136054e-02, 3.30092728e-01,
       2.07243413e-01, 6.41033007e-03, 3.91111383e-03, 4.04561348e-02,
       2.82462165e-02, -1.30246598e-02, 2.45156768e-03, 4.71334942e-02,
       3.16093154e-02, 2.43688688e-01, -1.03257010e-02, 4.59393203e-01,
       1.86168596e-01, -7.76917338e-02, 1.58602223e-02, 3.52387846e-01,
       1.74916476e-01, -1.44203659e-03, 3.94051289e-03, 4.21048775e-02,
       2.73136105e-02, -7.51215615e-04, 6.05070556e-04, 6.16293261e-03,
       4.68743639e-03, 1.83036253e-02, -8.05011296e-05, 5.82238697e-02,
       3.31736244e-02, 2.36391928e-03, -5.55630820e-03, 4.78700958e-02,
       3.02348025e-02, -5.68433607e-04, -6.39901409e-05, 6.04002876e-03,
       4.19399096e-03, -4.94303938e-04, -7.90696591e-04, 5.07438928e-03,
       4.36753733e-03, 1.02922199e-02, -3.90588725e-03, 3.61384563e-02,
       3.34675424e-02, 5.93380397e-03, 1.10442226e-03, 3.74977887e-02,
       3.88664976e-02, -4.28921048e-05, 1.99387476e-04, 5.39978454e-03,
       5.48768183e-03, -7.80374696e-03, -3.61114810e-03, 3.64214815e-02,
       2.73882914e-02, 1.79867357e-01, 5.55513501e-02, 2.97568500e-01,
       2.25010693e-01, -1.08226817e-02, 8.59513059e-02, 2.92789400e-01,
       3.23023051e-01, -3.00580775e-03, -1.47522020e-04, 4.17531431e-02,
       4.08102162e-02, -9.23768058e-03, 1.58048933e-03, 3.76457311e-02,
       2.78565548e-02, 2.52510160e-01, -4.37192507e-02, 3.70821595e-01,
       2.26310208e-01, -8.65074173e-02, -6.48719147e-02, 3.23979199e-01,
       3.04688424e-01, 1.03671872e-03, -2.30059889e-03, 4.29410450e-02,
       3.94570567e-02, -6.23666099e-04, 9.43774823e-04, 5.38581656e-03,
       4.51726932e-03, 1.66697782e-02, 4.87098529e-04, 4.53022979e-02,
       3.52236144e-02, 9.34674521e-04, -5.36802644e-03, 4.27331440e-02,
       4.09894250e-02, 1.46930412e-04, 6.18544218e-05, 5.68085955e-03,
       5.39283408e-03, -1.19668979e-03, -6.73981966e-04, 5.24765300e-03,
       4.14428581e-03, 1.22533680e-03, -8.29041377e-03, 3.32747288e-02,
       2.71823388e-02, 1.87988672e-02, -3.11914319e-03, 4.49726507e-02,
       2.90420279e-02, 2.32026054e-04, 3.12787713e-04, 5.47711831e-03,
       4.37176554e-03, -1.08203655e-02, 2.77338340e-03, 3.86241674e-02,
       2.88804863e-02, -6.21995796e-03, 7.54567981e-03, 2.26735085e-01,
       1.50266007e-01, 2.07996413e-01, 2.84088850e-02, 3.86332005e-01,
       1.79711893e-01, -5.95541112e-03, 3.62516800e-03, 4.25792560e-02,
       2.98185479e-02, -2.29561049e-03, 8.38228222e-03, 4.24204953e-02,
       3.46400812e-02, -6.35786057e-02, 9.95145813e-02, 3.84917229e-01,
       2.83568084e-01, 1.76630154e-01, -3.18852738e-02, 4.46888983e-01,
       2.16500342e-01, -3.88663216e-03, -5.44241583e-03, 4.33188453e-02,
       3.11366729e-02, -1.11193476e-05, -1.75157518e-04, 5.77363838e-03,
       4.74856561e-03, -6.67609274e-03, 1.38240221e-05, 5.13912402e-02,
       3.85283604e-02, 8.42483528e-03, 3.87619669e-03, 5.33994958e-02,
       3.51089388e-02, 6.75202406e-04, -3.08973133e-04, 5.77693060e-03,
       4.63291956e-03, -9.23773390e-04, -2.98639407e-05, 4.55296319e-03,
       2.94923317e-03, -9.96281393e-03, -5.23148244e-03, 3.27100642e-02,
       1.92926303e-02, 3.52847017e-02, -2.24039634e-03, 5.88546917e-02,
       2.24172827e-02, -5.27094817e-04, 3.85882042e-04, 5.11874445e-03,
       3.10392934e-03, -4.66906512e-03, 8.15069943e-04, 3.26464884e-02,
       1.94896311e-02, -1.18646778e-01, -2.04218253e-02, 2.23818406e-01,
       1.06387891e-01, 3.29649299e-01, -9.48766340e-03, 4.75483298e-01,
       1.32152021e-01, -9.19943210e-03, 2.22390168e-03, 3.82044911e-02,
       2.11528726e-02, -5.47153782e-03, -9.00360639e-04, 3.29027288e-02,
       1.96975749e-02, -1.21801987e-01, 1.37645043e-02, 2.27977097e-01,
       1.01521298e-01, 3.36638063e-01, 7.98724405e-03, 4.96639907e-01,
       1.24025002e-01, -8.82056076e-03, -1.86941412e-03, 3.84170450e-02,
       2.03489624e-02, -1.00569485e-03, -9.86355881e-05, 4.62603569e-03,
       2.94013298e-03, -1.04644224e-02, 4.99010971e-03, 3.33052278e-02,
