%YAML:1.0
Dictionary: !!opencv-matrix
   rows: 25
   cols: 64
   dt: f
   data: [ -1.24272890e-03, -7.35816546e-04, 4.02346812e-03,
       3.05254594e-03, 3.31390649e-03, -9.63431224e-03, 2.72423290e-02,
       2.13784352e-02, 2.39553079e-02, 4.72709956e-03, 5.15438803e-02,
       3.50312926e-02, -3.68396111e-04, 6.37403224e-04, 5.81286289e-03,
       5.36683761e-03, -1.17734605e-02, -1.61004998e-03, 2.80369893e-02,
       1.81070659e-02, 5.76405181e-03, -1.81339569e-02, 1.39279068e-01,
       8.42396840e-02, 2.50439346e-01, -9.38677862e-02, 4.71704155e-01,
       3.32348138e-01, -3.51378927e-03, -4.63050092e-03, 4.77822162e-02,
       4.57417667e-02, -1.10413758e-02, 1.76041701e-03, 2.76675504e-02,
       1.78092457e-02, 1.17906891e-02, 2.51659565e-02, 1.51892290e-01,
       9.81892496e-02, 2.02685267e-01, 5.57801984e-02, 4.34280276e-01,
       3.56491059e-01, -8.91356613e-05, -3.47953849e-03, 4.49295975e-02,
       4.61249948e-02, -9.70772060e-04, 6.35670847e-04, 3.81469354e-03,
       3.05839838e-03, 3.18844453e-03, 9.10338759e-03, 2.93249693e-02,
       2.31524650e-02, 1.34768281e-02, -1.36820436e-03, 4.30245697e-02,
       3.41530554e-02, 4.56546783e-04, -1.09631270e-04, 5.34660928e-03,
       5.16109727e-03, -7.12489767e-04, -3.13416531e-04, 6.11777650e-03,
       5.27125550e-03, 1.15821380e-02, -3.41098523e-03, 6.08364902e-02,
       3.66045758e-02, 6.55161031e-03, 7.70153850e-03, 3.03799547e-02,
       3.38044241e-02, -2.51114921e-04, 4.95140208e-04, 4.02466953e-03,
       4.28436603e-03, -8.52535106e-03, -2.26771878e-03, 4.64735776e-02,
       3.92957814e-02, 1.83713734e-01, 1.63694955e-02, 5.12764335e-01,
       2.29480311e-01, 2.40032822e-02, 2.51059998e-02, 1.39277220e-01,
       1.58158973e-01, -6.27134368e-03, 1.15380471e-03, 2.81704105e-02,
       2.58086696e-02, -8.10053851e-03, 3.31650488e-03, 4.59407754e-02,
       5.00686206e-02, 1.28329769e-01, -3.41145578e-03, 4.23718482e-01,
       3.61185163e-01, 4.66018133e-02, -6.44297302e-02, 1.72363445e-01,
       2.62349218e-01, -3.54532176e-03, -2.85353139e-03, 2.75338031e-02,
       3.16175409e-02, -6.61238882e-05, 6.97304029e-04, 5.95493848e-03,
       6.02166029e-03, 4.59137885e-03, 4.54858504e-03, 4.51490134e-02,
       4.24572416e-02, 4.56422474e-03, -2.26537301e-03, 3.35041657e-02,
       4.22142446e-02, -3.18332895e-05, -2.92175479e-04, 4.15010843e-03,
       5.29725105e-03, -3.61761369e-04, -1.09204841e-04, 5.36001427e-03,
       4.79047466e-03, -2.90245865e-03, -6.28383504e-03, 3.84376720e-02,
       3.29111069e-02, 1.53729292e-02, -4.28954547e-04, 4.82268892e-02,
       2.97196768e-02, -3.91128531e-04, 3.21685977e-04, 5.37796458e-03,
       4.11944091e-03, -1.09215593e-03, -8.77654296e-04, 4.18430418e-02,
       3.49665061e-02, -8.16341490e-02, -1.46972770e-02, 2.75641531e-01,
       2.29827821e-01, 1.87347725e-01, -1.80147029e-02, 3.91077310e-01,
       1.70926362e-01, -6.07597409e-03, -1.56616932e-03, 3.85763571e-02,
       2.62636207e-02, -3.51750921e-03, -6.98098665e-05, 4.21980284e-02,
       3.53461988e-02, -1.53048197e-02, 5.04135936e-02, 2.92331398e-01,
       2.68705785e-01, 9.84243155e-02, 1.29727470e-02, 5.04174352e-01,
       2.14504868e-01, -1.19459874e-03, -3.46430624e-03, 3.93043272e-02,
       2.72607841e-02, -3.80357669e-04, 2.03187054e-04, 5.66819916e-03,
       4.86422237e-03, 2.46106903e-03, 5.03485964e-04, 4.17768434e-02,
       3.55627351e-02, 3.00396141e-03, -2.42701848e-04, 5.92255332e-02,
       3.47267948e-02, 1.85158598e-04, -1.06310152e-04, 5.57726482e-03,
       4.45464626e-03, -2.90928944e-03, -1.01773581e-03, 7.87744205e-03,
       4.78823716e-03, 3.87784615e-02, 1.20767229e-03, 5.62869646e-02,
       2.97756493e-02, -2.79418402e-03, 5.11689438e-03, 1.91570986e-02,
       2.13795099e-02, -1.87283230e-03, 2.74365360e-04, 4.64625563e-03,
       3.34572094e-03, -3.81079875e-02, -6.73833489e-03, 6.07587323e-02,
       3.48443910e-02, 3.85246366e-01, -1.50322830e-02, 4.61834341e-01,
       2.20180362e-01, -1.54484296e-02, 2.87162606e-02, 8.95463228e-02,
       1.21597469e-01, -1.93217956e-02, 2.04227935e-03, 3.41185778e-02,
       2.14192364e-02, -3.91554423e-02, 7.07404921e-03, 6.14687316e-02,
       3.32384221e-02, 3.89703453e-01, 1.36388522e-02, 4.59017783e-01,
       1.99739456e-01, -1.12450384e-02, -2.11456046e-02, 9.04564634e-02,
       1.12955414e-01, -2.02993099e-02, -5.72342833e-04, 3.43982130e-02,
       2.09213514e-02, -2.88896030e-03, 9.95103852e-04, 8.10257532e-03,
       4.72060777e-03, 3.81540135e-02, -4.58735653e-04, 5.51070496e-02,
       2.94407830e-02, -9.91107197e-04, -6.01005089e-03, 1.90249942e-02,
       2.04722304e-02, -2.13025417e-03, -4.13924747e-04, 4.69927257e-03,
       3.23287491e-03, -1.11580617e-03, -5.63161622e-04, 3.37209133e-03,
       2.36566295e-03, 4.57994873e-03, -6.25800854e-03, 2.18256004e-02,
       1.64734256e-02, 3.56269404e-02, -2.49438399e-05, 6.37398437e-02,
       2.27515101e-02, -3.15210462e-04, 4.65194084e-04, 5.01600793e-03,
       3.10099870e-03, -9.38873179e-03, -6.19511236e-04, 2.34383401e-02,
       1.29585229e-02, 1.58497803e-02, -1.69894360e-02, 1.16667993e-01,
       7.30397105e-02, 3.26434016e-01, -4.96087456e-03, 5.26800394e-01,
       1.41144976e-01, -7.22016022e-03, 2.90785800e-03, 3.67808118e-02,
       2.04508528e-02, -9.05705057e-03, 1.32482359e-03, 2.36610230e-02,
       1.34209162e-02, 7.63534289e-03, 1.68902371e-02, 1.20699927e-01,
       7.30609819e-02, 3.38947535e-01, 8.47873837e-03, 5.32958865e-01,
       1.34109512e-01, -8.58822744e-03, -1.63307053e-03, 3.71884219e-02,
       1.97797138e-02, -1.02881109e-03, 5.69674477e-04, 3.40754935e-03,
       2.44493643e-03, 3.32241878e-03, 6.88890135e-03, 2.27366183e-02,
       1.71599314e-02, 3.79873514e-02, 5.22621849e-04, 6.54917732e-02,
       2.30291057e-02, -5.76500257e-04, -4.74988687e-04, 5.10714389e-03,
       3.07032000e-03, -8.39416407e-06, -2.45517062e-04, 6.11300720e-03,
       5.06035285e-03, 6.23936672e-03, 8.44470269e-05, 4.47609089e-02,
       3.42506953e-02, 2.02701404e-03, 4.79120016e-03, 3.34605463e-02,
       3.50167826e-02, -3.44247208e-04, 2.23056748e-04, 5.10100508e-03,
       4.74101398e-03, -1.77870842e-03, -3.35390866e-03, 4.82781790e-02,
       3.84840742e-02, 1.29541546e-01, -1.60154770e-03, 4.00910318e-01,
       2.32733399e-01, -1.03006931e-02, 4.29621041e-02, 2.10568443e-01,
       2.00831518e-01, -5.60861826e-03, 2.46768992e-04, 3.84033844e-02,
       3.06507982e-02, -4.61075734e-03, 1.28592516e-03, 5.23098186e-02,
       4.15048860e-02, 1.82268888e-01, -2.54513230e-03, 5.40655017e-01,
       2.73111731e-01, -6.11183159e-02, -5.03385924e-02, 2.54699528e-01,
       2.08357170e-01, -2.91412254e-03, -2.70738872e-03, 3.98726687e-02,
       3.12486645e-02, -2.53657548e-04, 3.49874841e-04, 7.10958103e-03,
       5.73351700e-03, 8.32459610e-03, -1.52663211e-03, 6.16963059e-02,
       4.04187813e-02, -1.15899788e-03, -4.65737423e-03, 4.24004346e-02,
       3.85261886e-02, 2.88622578e-05, -1.05365776e-04, 5.54770464e-03,
       5.02643734e-03, -8.80969455e-04, -6.01591135e-04, 4.09743469e-03,
       2.56346259e-03, 2.89190225e-02, -3.98433651e-04, 4.80631031e-02,
       2.00138614e-02, -1.43090887e-02, 1.30666280e-03, 3.87766585e-02,
       2.01510545e-02, 9.31425529e-05, -4.05523402e-04, 4.59458213e-03,
       2.81213527e-03, -9.98046529e-03, -2.10552360e-03, 2.89280377e-02,
       1.48964198e-02, 3.05905133e-01, 2.99425554e-02, 3.92689198e-01,
       1.19194090e-01, -1.91417992e-01, 3.98078673e-02, 3.04666877e-01,
       1.41065657e-01, 4.09535784e-03, -1.61433348e-03, 3.39743197e-02,
       1.91454329e-02, -1.08244773e-02, 1.47542940e-03, 2.90435776e-02,
       1.46934064e-02, 3.31616968e-01, -2.43939999e-02, 4.05026764e-01,
       1.14789076e-01, -2.05897570e-01, -1.57799628e-02, 3.24587792e-01,
       1.42660305e-01, 4.05855710e-03, 2.64281244e-03, 3.47168930e-02,
       1.98837146e-02, -9.02709202e-04, 6.49951049e-04, 4.17870563e-03,
       2.54136091e-03, 3.34263444e-02, -3.66807100e-04, 5.07277399e-02,
