%YAML:1.0
Dictionary: !!opencv-matrix
   rows: 30
   cols: 64
   dt: f
   data: [ -5.01418370e-04, 1.13244932e-04, 5.16226562e-03,
       3.85364634e-03, 2.84535903e-03, -1.90945598e-03, 5.34671471e-02,
       2.75452919e-02, 1.00910943e-02, 2.58828048e-03, 4.68460284e-02,
       2.66059618e-02, 6.08910341e-05, 2.71167461e-04, 5.05296187e-03,
       3.62347951e-03, -1.61596620e-03, 1.14911410e-03, 3.64990719e-02,
       2.23835427e-02, 1.06017841e-02, 6.84115011e-03, 4.52334046e-01,
       1.49465501e-01, 9.13360491e-02, 1.01118106e-02, 3.82430702e-01,
       1.44415274e-01, -9.98293748e-04, 1.41856051e-03, 3.61275151e-02,
       2.19354648e-02, -3.60372505e-04, -2.30171514e-04, 3.61440703e-02,
       2.13617403e-02, 2.14662943e-02, 3.95580148e-03, 4.82763737e-01,
       1.44188061e-01, 7.38066211e-02, -1.95855345e-03, 4.10150051e-01,
       1.41452596e-01, 1.08730950e-04, -1.02234702e-03, 3.63669731e-02,
       2.12661885e-02, -4.19485237e-04, -2.85985647e-04, 5.19203488e-03,
       3.74721549e-03, 5.10381348e-03, 1.28869992e-03, 5.78760877e-02,
       2.72104982e-02, 7.65412999e-03, -2.87145376e-03, 5.13689332e-02,
       2.63750087e-02, 5.94061639e-05, -2.08804398e-04, 5.12998458e-03,
       3.57254618e-03, -1.12947403e-03, -3.53009527e-04, 3.61453602e-03,
       2.37113144e-03, -1.63959479e-03, -5.74076828e-03, 2.13580690e-02,
       1.51157137e-02, 4.99314405e-02, -1.43730047e-03, 6.27543405e-02,
       2.00841911e-02, -6.19148545e-04, 6.84166036e-04, 4.11805511e-03,
       2.64107203e-03, -7.60996668e-03, -7.31002292e-05, 2.48695370e-02,
       1.38715198e-02, -4.02226076e-02, -1.32407583e-02, 1.30628988e-01,
       7.23860785e-02, 4.18431699e-01, -1.24162519e-02, 4.85532016e-01,
       1.10045262e-01, -9.66311526e-03, 1.97155285e-03, 2.90509798e-02,
       1.62454750e-02, -7.43974978e-03, 7.37103750e-04, 2.47514397e-02,
       1.41644180e-02, -3.86686772e-02, 1.91931855e-02, 1.34531051e-01,
       7.55050853e-02, 4.10375446e-01, 9.85504780e-03, 4.86646056e-01,
       1.13779008e-01, -9.24656354e-03, -2.74134823e-03, 2.93256361e-02,
       1.67831592e-02, -1.00655702e-03, 3.69427842e-04, 3.56938527e-03,
       2.39881128e-03, -1.85147335e-03, 5.97874494e-03, 2.24490259e-02,
       1.57234594e-02, 4.82457355e-02, 1.98957766e-03, 6.26092032e-02,
       2.04430986e-02, -6.33759599e-04, -6.32218784e-04, 4.19495162e-03,
       2.67650164e-03, -7.43630924e-04, -8.18680332e-04, 4.53997403e-03,
       3.06275743e-03, 3.60589512e-02, 1.19225282e-04, 5.81427515e-02,
       2.23193001e-02, 6.99543720e-03, 7.62919849e-03, 1.98396090e-02,
       1.85906459e-02, -3.62989580e-04, 5.81404252e-04, 2.84232711e-03,
       2.69566430e-03, -8.14721081e-03, -3.01709166e-03, 3.30277644e-02,
       2.08946299e-02, 3.39769214e-01, 2.67657489e-02, 4.45871949e-01,
       1.18352085e-01, 6.40602177e-03, 3.78680835e-03, 7.84126595e-02,
       7.02299029e-02, -5.21391956e-03, -3.66281765e-03, 2.05503125e-02,
       1.83064584e-02, -5.57325501e-03, 8.81776959e-03, 3.33890505e-02,
       3.82870585e-02, 2.07926765e-01, -8.24794825e-03, 3.40260565e-01,
       3.72081399e-01, 3.25596891e-02, -1.18474782e-01, 1.58412009e-01,
       4.13655996e-01, 3.81373975e-04, -6.69674575e-03, 2.41386108e-02,
       4.44889367e-02, 4.66435711e-04, 1.44327525e-03, 4.86998679e-03,
       5.11513790e-03, 1.63454097e-02, 4.20848746e-03, 3.85898612e-02,
       3.58154587e-02, 1.17155339e-03, 1.45073782e-03, 2.63836887e-02,
       3.53054814e-02, -2.17592024e-04, 2.60511006e-04, 3.43745877e-03,
       4.84447600e-03, -1.99223432e-04, 5.32025697e-05, 5.49153378e-03,
       4.30797646e-03, 6.35734480e-03, 8.64764501e-04, 5.78928292e-02,
       3.22494358e-02, -1.84246013e-03, 3.22987861e-03, 5.37908860e-02,
       3.19858603e-02, 7.19569682e-04, 1.30634071e-04, 5.62355574e-03,
       4.13325382e-03, -4.14144597e-04, -9.75530187e-04, 4.03701961e-02,
       2.63234135e-02, 1.39140800e-01, 1.67016219e-02, 4.82355744e-01,
       1.67690590e-01, -8.48005563e-02, 4.23072055e-02, 4.16328996e-01,
       1.75612241e-01, 4.67851758e-03, 1.49001693e-03, 4.08588536e-02,
       2.54313406e-02, -4.25832951e-03, -6.09598414e-04, 3.96745317e-02,
       2.81442888e-02, 1.36777475e-01, -1.71550233e-02, 4.13314164e-01,
       1.84801444e-01, -5.19860089e-02, -1.98180992e-02, 3.12327296e-01,
       1.71483561e-01, 6.84025697e-04, -8.03191360e-05, 3.99941802e-02,
       2.66828910e-02, -3.58111778e-04, 3.23303160e-04, 5.31296479e-03,
       4.15865052e-03, 8.91513098e-03, 1.42263679e-03, 4.95831817e-02,
       2.92921830e-02, 3.00445885e-04, -1.51582039e-03, 3.99924293e-02,
       2.87436265e-02, -5.52859965e-05, 6.39519494e-05, 5.41996863e-03,
       4.09158319e-03, -6.88729575e-04, -5.70394390e-04, 3.89115443e-03,
       2.32198578e-03, 3.36487405e-02, -1.95314904e-04, 4.97320220e-02,
       1.80547219e-02, -1.49830170e-02, 2.16000341e-03, 4.44163531e-02,
       1.86092556e-02, 4.18919899e-06, -2.13710562e-04, 4.77906782e-03,
       2.60139070e-03, -7.53220776e-03, -1.58249028e-03, 2.69539896e-02,
       1.31904716e-02, 3.22856694e-01, 1.98907796e-02, 3.91941637e-01,
       1.00117378e-01, -1.81007519e-01, 2.27335561e-02, 3.45953017e-01,
       1.18134864e-01, 2.56746425e-03, -6.78050099e-04, 3.42531428e-02,
       1.65065825e-02, -7.61563191e-03, 1.55403255e-03, 2.71491576e-02,
       1.32258600e-02, 3.27466935e-01, -1.91390011e-02, 3.96911532e-01,
       9.83144343e-02, -1.78743765e-01, -1.23247029e-02, 3.50619227e-01,
       1.12390012e-01, 1.66271103e-03, 1.38529111e-03, 3.45146321e-02,
       1.66942477e-02, -5.88489405e-04, 5.59766428e-04, 3.97099182e-03,
       2.30510393e-03, 3.47689316e-02, -3.67076776e-04, 5.11718355e-02,
       1.80621911e-02, -1.45601053e-02, -2.50910246e-03, 4.56018373e-02,
       1.82810817e-02, -1.84822318e-04, 1.77204507e-04, 4.86621819e-03,
       2.54889089e-03, -1.89933387e-04, -9.38039215e-04, 6.31655846e-03,
       6.18309062e-03, 9.45109501e-03, -1.52866438e-03, 5.09311259e-02,
       4.06555347e-02, 2.08641449e-03, 5.58845000e-03, 3.01738512e-02,
       3.54168862e-02, -3.98985372e-04, 3.19446757e-04, 4.31065867e-03,
       4.57986910e-03, -1.19677484e-02, -6.66262303e-03, 4.82991748e-02,
       5.27542308e-02, 2.16535568e-01, -1.47906151e-02, 4.67689395e-01,
       3.39485705e-01, -9.37043969e-03, 3.58711258e-02, 1.47078395e-01,
       1.91912279e-01, -5.90003841e-03, 5.55752311e-04, 3.01405862e-02,
       2.84067299e-02, -7.71198282e-03, 9.71846189e-03, 4.37513553e-02,
       5.01020923e-02, 1.42149478e-01, 2.20305659e-02, 3.48707408e-01,
       3.37809861e-01, 9.14910156e-03, -8.70305300e-02, 1.69113308e-01,
       2.98974812e-01, -4.28816350e-03, -4.55273502e-03, 3.10690291e-02,
       3.63986418e-02, -3.96561263e-05, 4.82618489e-04, 5.58759458e-03,
       5.69031900e-03, 5.14804665e-03, -9.49974696e-04, 3.80955674e-02,
       3.93218882e-02, 1.91459680e-04, 2.18787842e-04, 3.08302641e-02,
       3.97618935e-02, -6.33636737e-05, 3.78578625e-05, 4.51852661e-03,
       5.39280893e-03, 1.01184116e-04, -1.33892327e-05, 6.05971040e-03,
       5.24509326e-03, -1.67408667e-03, -2.59486795e-03, 5.22738770e-02,
       3.57654020e-02, 1.02408621e-02, -1.47728913e-03, 4.15326767e-02,
       3.02558653e-02, 1.50507141e-04, 3.33914038e-04, 4.44765436e-03,
       3.91817279e-03, 3.61769751e-04, -5.53167239e-03, 4.42454703e-02,
       3.86486314e-02, -1.00530073e-01, -1.08735107e-01, 4.25075978e-01,
       2.86546886e-01, 2.09848002e-01, -3.51554342e-02, 3.25790107e-01,
       1.81847975e-01, -2.30356143e-03, 1.75274350e-03, 2.96640135e-02,
       2.34169234e-02, -5.65664750e-03, -3.43920139e-04, 4.30090055e-02,
       3.91125940e-02, -4.62906137e-02, 6.03059418e-02, 3.46925020e-01,
       2.61524558e-01, 2.00199410e-01, 3.35270613e-02, 2.93173969e-01,
       1.73180163e-01, -2.49137916e-03, -1.73217966e-03, 2.88634282e-02,
       2.25647204e-02, -6.06289075e-04, 3.53676442e-04, 5.80638601e-03,
       5.29332925e-03, 3.07886163e-03, 6.35919767e-03, 4.33357432e-02,
