%YAML:1.0
Dictionary: !!opencv-matrix
   rows: 40
   cols: 64
   dt: f
   data: [ -4.13608039e-04, -8.65510141e-04, 4.74559003e-03,
       4.05249372e-03, 1.66406650e-02, 4.79295326e-04, 4.49325517e-02,
       3.15328613e-02, -2.84663518e-03, 4.61513083e-03, 4.95905541e-02,
       3.52796502e-02, 5.62209287e-04, 5.55261504e-05, 5.82121219e-03,
       4.34647454e-03, -9.77598969e-03, -1.76495733e-03, 3.30295600e-02,
       2.57597994e-02, 2.90697426e-01, 3.02064642e-02, 3.97973835e-01,
       1.98709294e-01, -1.37355477e-01, 4.52339947e-02, 4.01721060e-01,
       2.13159814e-01, 1.86978444e-03, 3.32165835e-03, 4.27256674e-02,
       2.92488392e-02, -6.03469554e-03, 3.25627136e-03, 3.07169687e-02,
       2.49200705e-02, 1.23131111e-01, -8.19836333e-02, 2.54297793e-01,
       2.24372163e-01, 1.21547449e-02, -1.31478757e-01, 3.12029421e-01,
       2.66708583e-01, -1.74624764e-03, -3.99328908e-03, 4.03045490e-02,
       3.11255958e-02, -4.19066811e-04, 6.83364575e-04, 4.25419025e-03,
       3.87619250e-03, 1.15054846e-03, 6.61089644e-03, 2.85062101e-02,
       2.79842224e-02, 8.42654705e-03, 4.98238346e-03, 3.42879929e-02,
       3.00072860e-02, 6.41484046e-04, -1.52392036e-04, 4.99106571e-03,
       4.31796024e-03, -2.63001479e-04, -3.55087919e-04, 6.53428631e-03,
       6.19480619e-03, 7.35942813e-05, -6.92810584e-03, 4.83600609e-02,
       4.42234725e-02, 1.16761280e-02, -1.70454092e-03, 4.54600081e-02,
       3.86387818e-02, 2.41808448e-04, 3.88725108e-04, 5.40842582e-03,
       5.03311167e-03, 3.52472533e-03, 3.17970244e-03, 4.89646606e-02,
       4.60690856e-02, -8.92894566e-02, -1.79668982e-02, 3.69966716e-01,
       3.33566517e-01, 1.85013026e-01, -1.84351038e-02, 3.53665441e-01,
       2.32489899e-01, -2.68009328e-03, 2.36058258e-03, 3.69355120e-02,
       3.06536574e-02, 2.65981816e-03, -1.07337872e-03, 4.67596948e-02,
       4.24622074e-02, -7.55610391e-02, 4.20338288e-02, 3.10976833e-01,
       2.93447345e-01, 1.64388835e-01, 2.63353419e-02, 3.21445614e-01,
       2.07872227e-01, -2.54365802e-03, -2.02591904e-03, 3.61069664e-02,
       2.92205233e-02, -5.14889143e-05, 3.00001469e-04, 6.00575656e-03,
       5.62552270e-03, -5.65596449e-04, 3.56708327e-03, 4.05750461e-02,
       3.86010371e-02, 9.18806903e-03, 2.47631804e-04, 4.13460284e-02,
       3.50257307e-02, 1.93513100e-04, -4.54357039e-04, 5.15128020e-03,
       4.74753138e-03, -6.28438371e-04, 5.67429408e-04, 4.72686347e-03,
       4.32898710e-03, 6.40728138e-03, -4.81528416e-03, 6.30960539e-02,
       2.97436882e-02, 9.43630654e-03, 5.00785187e-03, 3.07016540e-02,
       2.47231591e-02, -1.47218729e-04, 3.98625387e-04, 3.49752279e-03,
       3.25732026e-03, -9.63186612e-05, 2.28488492e-03, 3.03815398e-02,
       2.08113380e-02, 3.21684852e-02, 6.70160400e-03, 5.79766273e-01,
       1.55438930e-01, 8.46711919e-02, 5.74870640e-03, 1.91714197e-01,
       1.13416754e-01, -3.42834997e-03, 8.11377016e-04, 2.42615454e-02,
       1.83712598e-02, 1.40925962e-03, -8.63720779e-04, 3.01313009e-02,
       1.97074115e-02, 2.83772014e-02, -2.72466335e-03, 6.17746472e-01,
       1.46995202e-01, 8.12373310e-02, -2.11668434e-03, 1.96197838e-01,
       1.07427478e-01, -3.35406070e-03, -1.03188981e-03, 2.50572581e-02,
       1.83857679e-02, -5.34052844e-04, -7.11293833e-04, 4.71915444e-03,
       4.23142780e-03, 5.09353727e-03, 4.33391938e-03, 6.83981851e-02,
       3.02492455e-02, 9.95080359e-03, -6.40595425e-03, 3.26892063e-02,
       2.52198726e-02, -1.30944958e-04, -2.99354433e-04, 3.63161694e-03,
       3.21518816e-03, -5.63362031e-04, 4.37778566e-04, 5.56935696e-03,
       4.05923324e-03, -4.65986272e-03, -4.26305085e-03, 5.23482785e-02,
       2.67299712e-02, 1.98133830e-02, 8.96226324e-04, 4.31228615e-02,
       2.84266844e-02, 6.27892587e-05, 4.23358841e-04, 4.49316576e-03,
       4.03555902e-03, 2.85657239e-03, 1.70652475e-03, 3.80232036e-02,
       2.48462968e-02, -1.21481314e-01, -9.44723468e-03, 4.07158762e-01,
       1.48739651e-01, 2.37976626e-01, -2.44672596e-02, 3.58019084e-01,
       1.91821724e-01, -4.18892456e-03, 3.09012574e-03, 3.23165618e-02,
       2.77551468e-02, 4.06652782e-03, -9.54716466e-04, 3.78533639e-02,
       2.50344314e-02, -1.47185370e-01, 1.16981780e-02, 3.88916105e-01,
       1.45357788e-01, 2.63111085e-01, 2.26845723e-02, 3.77525151e-01,
       1.86996564e-01, -4.92186937e-03, -1.77788676e-03, 3.22919227e-02,
       2.70149391e-02, -1.99663191e-04, -3.57060198e-04, 5.50513435e-03,
       4.06164443e-03, -8.45848583e-03, 4.30611940e-03, 5.10021634e-02,
       2.61319857e-02, 2.30271928e-02, -2.23939963e-07, 4.62897047e-02,
       2.90013533e-02, -1.56514448e-04, -5.13045699e-04, 4.54892265e-03,
       4.01038071e-03, -5.87044109e-04, -3.15806508e-04, 4.09120321e-03,
       3.49186873e-03, 1.14339881e-03, -3.72494664e-03, 2.94236597e-02,
       2.57527381e-02, 1.26579423e-02, 1.32337317e-03, 6.24028370e-02,
       3.01123857e-02, -3.25804023e-04, -4.58583891e-05, 6.42057927e-03,
       4.05722717e-03, -5.06102666e-03, -8.14880012e-04, 2.87295263e-02,
       2.21142881e-02, -5.63333929e-03, -2.58299038e-02, 1.69535756e-01,
       1.44184813e-01, 1.51380450e-01, -2.88297888e-03, 5.61560273e-01,
       2.02845097e-01, -4.45486652e-03, 8.34093371e-04, 4.77553941e-02,
       2.71258950e-02, -4.89661284e-03, 9.93303373e-04, 2.90522333e-02,
       2.17312463e-02, -1.96591783e-02, 1.99813489e-02, 1.58192992e-01,
       1.30326152e-01, 1.79420903e-01, 7.04017235e-03, 5.59893370e-01,
       1.82489529e-01, -7.36538414e-03, 1.58723339e-03, 4.82467227e-02,
       2.61543561e-02, -5.79413085e-04, 4.11310932e-04, 4.11307812e-03,
       3.56546533e-03, -4.03538026e-04, 5.08776773e-03, 2.77650580e-02,
       2.52494793e-02, 1.65321231e-02, -7.99352129e-04, 6.35544062e-02,
       2.95284633e-02, -6.86161453e-04, -1.50547103e-05, 6.49445737e-03,
       4.05289512e-03, -1.83872809e-03, -8.64539936e-04, 6.46452792e-03,
       4.00330266e-03, 3.32114883e-02, -1.06521195e-03, 5.85117377e-02,
       3.01096700e-02, 4.74061770e-03, 5.43981325e-03, 3.31992507e-02,
       2.99748816e-02, -4.90175094e-04, 3.67266708e-04, 4.57583740e-03,
       4.16356465e-03, -2.34792829e-02, -2.70954799e-03, 4.82574366e-02,
       2.52491534e-02, 3.18553656e-01, 1.24833696e-02, 4.60175872e-01,
       1.80169553e-01, 1.08880289e-02, 2.69153230e-02, 2.01056823e-01,
       1.91192806e-01, -4.66904184e-03, 3.42369778e-04, 3.25985998e-02,
       2.81356070e-02, -2.28434503e-02, 3.40359402e-03, 4.80726957e-02,
       2.55726743e-02, 3.31460923e-01, -9.92089976e-03, 4.78650004e-01,
       1.83175683e-01, 7.35277601e-04, -1.56287458e-02, 1.80918694e-01,
       1.70381740e-01, -4.58751339e-03, 1.24326543e-04, 3.24288234e-02,
       2.68660095e-02, -1.75253209e-03, 8.57225386e-04, 6.41634688e-03,
       3.90940998e-03, 3.43097337e-02, 7.50544888e-04, 6.06278665e-02,
       2.94672344e-02, 4.75824857e-03, -5.19607076e-03, 3.10122818e-02,
       2.79161427e-02, -6.30520924e-04, -2.70189077e-04, 4.58582630e-03,
       3.90350097e-03, -1.08069030e-03, -4.35552181e-04, 2.98110279e-03,
       1.95394689e-03, -1.40721339e-03, -5.20620216e-03, 1.48987388e-02,
       1.19389575e-02, 5.50944619e-02, -1.40957627e-03, 6.71020895e-02,
       1.83864515e-02, -9.43193852e-04, 5.99314983e-04, 4.00123419e-03,
       2.34695384e-03, -7.72348326e-03, -5.22058872e-05, 2.03954577e-02,
       1.04518635e-02, -2.44518276e-02, -7.03375461e-03, 8.37601945e-02,
       4.83001769e-02, 4.37238842e-01, -8.69661756e-03, 5.03634334e-01,
       9.72651988e-02, -1.13438023e-02, 2.01058760e-03, 2.87082456e-02,
       1.41786300e-02, -7.70255597e-03, 8.96260550e-04, 2.01583598e-02,
       1.07568400e-02, -2.14859154e-02, 1.67856552e-02, 8.98179561e-02,
       5.66732585e-02, 4.30588722e-01, 9.21823084e-03, 4.99325395e-01,
       9.92392153e-02, -1.21454541e-02, -1.82235357e-03, 2.92260274e-02,
       1.42636374e-02, -1.03971502e-03, 4.41887183e-04, 2.94397632e-03,
       1.99548132e-03, -7.38038507e-04, 5.41615766e-03, 1.59078669e-02,
