%YAML:1.0
Dictionary: !!opencv-matrix
   rows: 10
   cols: 64
   dt: f
   data: [ -1.05569290e-03, -8.30901205e-04, 4.04420123e-03,
       3.46153090e-03, 3.64607410e-03, -9.85675398e-03, 2.87332386e-02,
       2.48216763e-02, 2.34045647e-02, 3.93895432e-03, 5.30270301e-02,
       3.62914279e-02, -2.78011983e-04, 8.31788755e-04, 6.06524432e-03,
       5.49749238e-03, -1.07340151e-02, -1.31596392e-03, 2.87666172e-02,
       1.91199277e-02, 1.48755340e-02, -1.20275198e-02, 1.56121179e-01,
       1.00670673e-01, 2.46829301e-01, -6.67880252e-02, 4.77111220e-01,
       3.13263744e-01, -5.62658207e-03, -4.35982272e-03, 4.82645854e-02,
       4.45752069e-02, -9.12350882e-03, 3.51278298e-03, 2.85787005e-02,
       2.19953358e-02, 3.65548506e-02, 4.62272726e-02, 1.80237964e-01,
       1.57263249e-01, 1.49122700e-01, 2.81389281e-02, 3.80905598e-01,
       3.60312641e-01, 6.11505413e-04, -7.45029980e-03, 4.43661436e-02,
       4.65214215e-02, -7.90116319e-04, 6.56829390e-04, 4.10820823e-03,
       3.77549045e-03, 3.53325531e-03, 6.32758858e-03, 3.05177998e-02,
       2.74942629e-02, 9.38346237e-03, -4.84889199e-04, 3.82257141e-02,
       3.46000157e-02, 5.00500493e-04, 5.71208584e-05, 5.19527961e-03,
       5.05938474e-03, -7.19472300e-04, -4.54621884e-04, 6.08636718e-03,
       5.28471544e-03, 1.20236566e-02, -3.25754401e-03, 5.66123798e-02,
       3.75802964e-02, 7.02927494e-03, 5.28925844e-03, 3.58526260e-02,
       3.63930166e-02, 1.09337007e-05, 4.24557016e-04, 4.61270241e-03,
       4.72598802e-03, -9.15796403e-03, -1.74670666e-03, 4.56780903e-02,
       3.76958400e-02, 1.76466078e-01, 1.91556793e-02, 4.73273844e-01,
       2.44502589e-01, 2.72527989e-02, 3.19110826e-02, 2.03621075e-01,
       2.10933238e-01, -3.71425250e-03, 1.65477209e-03, 3.28939706e-02,
       3.07437330e-02, -8.01950600e-03, 2.68959464e-03, 4.49388176e-02,
       4.30351384e-02, 1.30664855e-01, -1.30871637e-02, 3.94409269e-01,
       3.13653231e-01, 5.53526767e-02, -5.09081744e-02, 2.03146964e-01,
       2.66380459e-01, -2.97309039e-03, -1.96358864e-03, 3.16554904e-02,
       3.33874896e-02, -2.36019012e-04, 7.27429171e-04, 5.89307630e-03,
       5.64976176e-03, 6.79653371e-03, 5.01557579e-03, 4.49908264e-02,
       4.02479395e-02, 7.38191418e-03, -3.42256413e-03, 3.48864123e-02,
       4.01174910e-02, -2.59726366e-05, -3.82733415e-04, 4.49948711e-03,
       5.15118474e-03, -3.04443034e-04, -2.16445507e-04, 5.79669839e-03,
       4.90340637e-03, 1.33370829e-03, -4.00563842e-03, 4.36018668e-02,
       3.49527188e-02, 1.13036959e-02, 7.55969028e-04, 5.05665950e-02,
       3.37314717e-02, -8.76586128e-05, 3.07090144e-04, 5.78037137e-03,
       4.59242286e-03, -2.32980074e-03, -1.03326060e-03, 4.36505750e-02,
       3.40471715e-02, -1.97901893e-02, -1.21126091e-02, 3.21058959e-01,
       2.32294172e-01, 1.35429397e-01, -6.06632885e-03, 4.12496001e-01,
       2.05733269e-01, -3.22254049e-03, 7.31051623e-05, 4.16937396e-02,
       2.95406934e-02, -3.37222265e-03, 9.01806809e-04, 4.34647873e-02,
       3.45333554e-02, 2.21417025e-02, 3.59656475e-02, 3.10094953e-01,
       2.46305108e-01, 7.49889538e-02, 4.17668885e-03, 4.37202245e-01,
       2.31299326e-01, 3.47214751e-04, -2.97197490e-03, 4.16609459e-02,
       3.03937383e-02, -2.28350502e-04, 2.35529442e-04, 5.78965340e-03,
       4.88599902e-03, 4.37512528e-03, 5.90185809e-04, 4.29109111e-02,
       3.51467393e-02, 3.77317169e-03, -1.10656396e-03, 5.23674637e-02,
       3.52409668e-02, 2.81679153e-04, -1.35707989e-04, 5.74690150e-03,
       4.69609536e-03, -1.58965646e-03, -7.84399163e-04, 5.44067565e-03,
       3.29231238e-03, 4.32173274e-02, -7.55703892e-04, 6.15518689e-02,
       2.47809663e-02, 3.97874694e-03, 4.64369589e-03, 2.32031401e-02,
       2.06534490e-02, -7.96650944e-04, 3.24960158e-04, 3.58999218e-03,
       2.96148285e-03, -1.93123966e-02, -2.89921858e-03, 3.97312939e-02,
       2.06467975e-02, 3.84057522e-01, 1.62978861e-02, 4.81141537e-01,
       1.59081399e-01, 1.25907362e-02, 3.22079845e-02, 1.21100143e-01,
       1.26070365e-01, -7.96134025e-03, 1.64486130e-03, 2.47477703e-02,
       1.92664862e-02, -1.97643712e-02, 2.43397057e-03, 4.00050282e-02,
       1.89967677e-02, 3.93813759e-01, -1.82653442e-02, 4.85156447e-01,
       1.37107566e-01, 1.19610047e-02, -2.22826395e-02, 1.12445824e-01,
       1.03105143e-01, -8.60376935e-03, -5.99528546e-04, 2.44367477e-02,
       1.76273622e-02, -1.66653655e-03, 8.59083841e-04, 5.50126657e-03,
       3.13702505e-03, 4.43285704e-02, 9.85116698e-04, 6.19188696e-02,
       2.32429579e-02, 5.04388288e-03, -5.49465371e-03, 2.20505148e-02,
       1.88398939e-02, -8.46444920e-04, -3.62537336e-04, 3.43966694e-03,
       2.67619803e-03, -1.05247460e-03, -5.42178866e-04, 3.48560465e-03,
       2.48079677e-03, 5.49016381e-03, -6.35660114e-03, 2.42755879e-02,
       1.73921809e-02, 3.42617594e-02, -2.78535474e-04, 6.42479807e-02,
       2.27455739e-02, -3.03804496e-04, 4.90362640e-04, 4.85452916e-03,
       3.02644516e-03, -8.92096385e-03, -2.95736623e-04, 2.43674964e-02,
       1.42900469e-02, 1.99418794e-02, -1.52424639e-02, 1.36680141e-01,
       8.14268887e-02, 3.13174486e-01, -6.12736773e-03, 5.26844978e-01,
       1.36990026e-01, -6.91902358e-03, 2.42162240e-03, 3.54438275e-02,
       1.95824672e-02, -8.32767971e-03, 2.16192962e-03, 2.45810021e-02,
       1.56805050e-02, 1.57924797e-02, 2.90124491e-02, 1.41696393e-01,
       9.51278955e-02, 3.09418857e-01, 9.77374986e-03, 5.15234709e-01,
       1.37371123e-01, -7.38152955e-03, -2.11623264e-03, 3.55797857e-02,
       1.93892308e-02, -9.10746108e-04, 5.54027327e-04, 3.52996378e-03,
       2.60691671e-03, 4.43919329e-03, 6.35057827e-03, 2.47994196e-02,
       1.83036085e-02, 3.33992355e-02, 4.30434593e-04, 6.25361577e-02,
       2.28345711e-02, -4.33776237e-04, -4.52018343e-04, 4.91098687e-03,
       2.99364328e-03, -2.21374881e-04, -4.81326395e-04, 6.01345627e-03,
       4.83842473e-03, 1.04506304e-02, -9.35967255e-04, 4.65655439e-02,
       3.43646370e-02, 3.58862919e-03, 3.58055858e-03, 3.94534506e-02,
       3.50616649e-02, -1.32440502e-04, 2.20443937e-04, 5.30595146e-03,
       4.77114972e-03, -6.69028051e-03, -2.48411251e-03, 4.58279029e-02,
       3.50489058e-02, 1.66881025e-01, 1.00496607e-02, 3.90729278e-01,
       2.31473535e-01, -7.53807416e-03, 4.72882837e-02, 2.77905136e-01,
       2.30452403e-01, -3.56069999e-03, 1.13073981e-03, 3.89433540e-02,
       3.23758349e-02, -6.71342621e-03, 2.17458582e-03, 4.72929664e-02,
       3.44928317e-02, 1.88955441e-01, -1.38118677e-02, 4.63795871e-01,
       2.26659104e-01, -3.00202537e-02, -4.98242043e-02, 2.92802244e-01,
       2.17846140e-01, -2.73348414e-03, -1.84604723e-03, 3.97397503e-02,
       3.12565044e-02, -3.99357523e-04, 4.05704835e-04, 6.34624390e-03,
       4.97095427e-03, 1.13565363e-02, 2.48184388e-05, 5.61595745e-02,
       3.54364179e-02, 3.26989801e-03, -3.37049202e-03, 4.28591743e-02,
       3.50844711e-02, -3.42358653e-05, -1.56245456e-04, 5.48657170e-03,
       4.67017153e-03, -8.27980170e-04, -6.21374231e-04, 4.26549744e-03,
       2.78025772e-03, 2.76366808e-02, -4.79339360e-04, 4.78386208e-02,
       2.15792488e-02, -8.13342258e-03, 2.01202044e-03, 4.31931280e-02,
       2.33145449e-02, 1.04960025e-04, -1.97401285e-04, 4.87787882e-03,
       3.22039751e-03, -9.83772520e-03, -2.02092016e-03, 2.99129952e-02,
       1.61449052e-02, 2.95655340e-01, 3.08016650e-02, 3.87134075e-01,
       1.27158225e-01, -1.43528983e-01, 3.77327874e-02, 3.38429183e-01,
       1.60729364e-01, 3.37939500e-03, -8.94371071e-04, 3.61332968e-02,
       2.20932234e-02, -1.03898207e-02, 1.64764689e-03, 2.97365990e-02,
       1.58362240e-02, 3.05067062e-01, -2.94911042e-02, 3.84219736e-01,
       1.23371750e-01, -1.45278811e-01, -2.45664157e-02, 3.35701436e-01,
       1.64035842e-01, 3.11203348e-03, 1.55127619e-03, 3.64287905e-02,
       2.29645781e-02, -8.17926601e-04, 6.63618674e-04, 4.25843149e-03,
       2.71755341e-03, 2.97319219e-02, 3.38622602e-04, 4.81044911e-02,
