%YAML:1.0
Dictionary: !!opencv-matrix
   rows: 20
   cols: 64
   dt: f
   data: [ -1.70197076e-04, -2.09454491e-04, 5.76379336e-03,
       5.28898602e-03, -2.38674763e-03, -7.56358914e-03, 4.60335240e-02,
       3.98882627e-02, 8.75116512e-03, -2.86398130e-03, 4.21759933e-02,
       4.10635807e-02, 1.74953486e-04, 2.10361643e-04, 5.41866804e-03,
       5.39778499e-03, 2.67322618e-03, -1.56615523e-03, 4.27721292e-02,
       3.50841656e-02, 4.04515415e-02, 5.37542403e-02, 4.05690938e-01,
       2.72308111e-01, 3.87349352e-02, 7.05880448e-02, 3.02823782e-01,
       2.74227679e-01, -9.77914431e-04, 5.31164778e-06, 4.03991044e-02,
       3.47541198e-02, -3.69855855e-03, -3.57902958e-03, 4.36142497e-02,
       3.51966135e-02, 1.72121167e-01, -4.21831682e-02, 4.31905121e-01,
       2.37221286e-01, -7.43056014e-02, -3.48461568e-02, 2.97744036e-01,
       2.13678509e-01, 4.38045990e-03, -2.73906975e-03, 4.19737622e-02,
       3.25270966e-02, -5.18769259e-04, 4.90437495e-04, 5.90391085e-03,
       5.06518502e-03, 9.14650690e-03, 2.13062926e-03, 5.01774140e-02,
       3.63227502e-02, 1.32178678e-03, -4.13616141e-03, 4.21324447e-02,
       3.77266407e-02, 3.98853561e-04, 7.70034694e-06, 5.60051668e-03,
       4.96237958e-03, -8.14538158e-04, -4.80904826e-04, 5.19649731e-03,
       3.44461319e-03, 1.51242837e-02, -3.12448665e-03, 5.14965318e-02,
       2.54931152e-02, 1.77726038e-02, 3.19357426e-03, 5.78003339e-02,
       2.61890888e-02, -5.07026096e-04, 4.69948660e-04, 5.51802898e-03,
       3.44529352e-03, -7.44989375e-03, 1.05406834e-04, 3.78321633e-02,
       2.11467240e-02, 1.21268436e-01, 9.55206994e-03, 3.96211654e-01,
       1.42145082e-01, 1.36328191e-01, -4.90417425e-03, 4.52259630e-01,
       1.43166810e-01, -6.71614567e-03, 5.78692707e-04, 3.95846628e-02,
       2.09351256e-02, -4.99234907e-03, 1.92605774e-03, 3.75168845e-02,
       2.14637108e-02, 1.08197972e-01, 2.90633249e-03, 3.90114009e-01,
       1.47250608e-01, 1.22966737e-01, -5.77909965e-03, 4.07060593e-01,
       1.40635043e-01, -3.19289207e-03, -2.18954659e-03, 3.94390114e-02,
       2.13027000e-02, -4.19818418e-04, 4.06577048e-04, 5.15070744e-03,
       3.40930722e-03, 1.24405120e-02, 2.84694275e-03, 5.06225117e-02,
       2.48445217e-02, 1.50229866e-02, -2.78541818e-03, 5.19183055e-02,
       2.44524889e-02, -1.51528773e-04, -3.42388405e-04, 5.52413892e-03,
       3.31345154e-03, -1.37132462e-04, -6.05701993e-04, 5.82658080e-03,
       5.44056483e-03, 4.14806372e-03, -4.57564183e-03, 4.12682407e-02,
       3.77906077e-02, 1.04303695e-02, 9.08735237e-05, 4.39793058e-02,
       3.51053886e-02, 1.38894247e-04, 2.57603213e-04, 5.16587170e-03,
       4.64429427e-03, -6.20455481e-03, -3.35375546e-03, 4.29771915e-02,
       3.97999771e-02, -6.10362040e-03, -9.04839262e-02, 2.90135652e-01,
       2.85728067e-01, 1.76080823e-01, -3.10971383e-02, 3.53120595e-01,
       2.35685825e-01, -7.70147366e-04, 1.94671657e-03, 3.59887555e-02,
       3.02752052e-02, -4.87908674e-03, 7.80765759e-03, 4.35031131e-02,
       4.44327854e-02, -8.24275054e-03, 1.42744660e-01, 2.93413401e-01,
       3.50997299e-01, 1.55283660e-01, 4.33993265e-02, 3.31610471e-01,
       2.37581521e-01, -1.87812524e-03, -1.06082927e-03, 3.52451541e-02,
       2.96796113e-02, 2.42620910e-04, 4.92976862e-04, 5.84502099e-03,
       5.47868153e-03, 3.39890667e-03, 4.20468801e-04, 4.02998663e-02,
       3.83847244e-02, 5.10412967e-03, 3.42851679e-04, 4.09747511e-02,
       3.44451293e-02, 1.46548293e-04, -2.32225473e-04, 4.89346590e-03,
       4.56935167e-03, -5.36997104e-04, 4.86751203e-04, 5.11148386e-03,
       3.78335943e-03, -1.38783306e-02, -4.06000623e-03, 4.67022881e-02,
       2.50232890e-02, 2.99701449e-02, -1.43694971e-03, 4.98378575e-02,
       2.44162381e-02, -1.00453675e-04, 5.21366659e-04, 4.08308674e-03,
       3.28037259e-03, 2.45774118e-03, 1.46825949e-03, 3.48956920e-02,
       2.42934991e-02, -2.06779554e-01, -1.33049972e-02, 3.49611253e-01,
       1.44334689e-01, 3.14690620e-01, -2.62515489e-02, 4.06120837e-01,
       1.38901472e-01, -3.73639422e-03, 1.05309533e-03, 2.81974375e-02,
       2.03651022e-02, 6.16347999e-04, -3.29829915e-03, 3.38502601e-02,
       2.43882220e-02, -1.71864018e-01, 1.35380961e-02, 3.26155573e-01,
       1.47657156e-01, 2.84278721e-01, 2.74092872e-02, 3.73437762e-01,
       1.39790341e-01, -3.08973389e-03, -1.85167557e-03, 2.75226105e-02,
       1.97942723e-02, -6.49654015e-04, -3.94720759e-04, 4.88543883e-03,
       3.75125115e-03, -1.01164393e-02, 4.01970465e-03, 4.29557748e-02,
       2.37424225e-02, 2.69994121e-02, 1.45192794e-03, 4.57368195e-02,
       2.33063269e-02, -3.42908424e-05, -4.15833842e-04, 4.00133478e-03,
       3.12429527e-03, -7.80955364e-04, -5.05338539e-04, 3.96559946e-03,
       2.48202006e-03, 3.34452353e-02, 3.65380896e-04, 5.51037602e-02,
       1.94800030e-02, -1.29228458e-02, 2.69530527e-03, 4.11397964e-02,
       1.94647219e-02, -1.40874181e-04, -2.11679173e-04, 4.74716304e-03,
       2.71134079e-03, -8.01073760e-03, -1.28595252e-03, 2.78928597e-02,
       1.41147617e-02, 3.18771809e-01, 1.92048997e-02, 4.40537363e-01,
       1.04668967e-01, -1.66102290e-01, 2.06053536e-02, 3.04461330e-01,
       1.18328281e-01, 1.96998403e-03, -1.05251756e-03, 3.43820117e-02,
       1.76802687e-02, -7.38368090e-03, 1.32159120e-03, 2.77187191e-02,
       1.41955055e-02, 3.13222498e-01, -1.77975539e-02, 4.36193585e-01,
       1.08036034e-01, -1.57920852e-01, -1.61364172e-02, 2.92868167e-01,
       1.16517663e-01, 1.33270316e-03, 1.38731557e-03, 3.44768055e-02,
       1.80181917e-02, -5.98945480e-04, 4.81126888e-04, 4.03933739e-03,
       2.44557369e-03, 3.29221189e-02, -4.55388974e-04, 5.50570190e-02,
       1.96839944e-02, -1.21982330e-02, -2.89459247e-03, 3.95525061e-02,
       1.90070830e-02, -2.37302709e-04, 2.11480539e-04, 4.78850072e-03,
       2.68202228e-03, -8.50865385e-04, -1.72628992e-04, 3.89102614e-03,
       2.78014899e-03, 9.61260498e-03, -2.02544057e-03, 3.38833705e-02,
       2.06805337e-02, -3.04221082e-03, 3.00098909e-03, 6.29834086e-02,
       2.37826388e-02, 6.27267582e-04, -2.46119685e-04, 4.75881528e-03,
       3.03783431e-03, -8.50068871e-03, -9.98914824e-04, 2.89849881e-02,
       1.72181688e-02, 7.09901676e-02, -1.46962870e-02, 2.08456025e-01,
       1.04934290e-01, 3.37456563e-03, 1.18314279e-02, 5.52108586e-01,
       1.50009021e-01, 6.81689940e-03, 4.25259670e-04, 3.25353146e-02,
       1.85113735e-02, -8.25353339e-03, 2.42076916e-04, 2.91231312e-02,
       1.68475006e-02, 3.53816003e-02, 4.20359476e-03, 1.55731753e-01,
       9.26042646e-02, 5.79889752e-02, 2.44818768e-03, 6.44963443e-01,
       1.52341381e-01, 4.74515697e-03, 1.42784847e-03, 3.19751576e-02,
       1.74962785e-02, -8.39442364e-04, 2.55594990e-04, 3.95734189e-03,
       2.69651902e-03, 5.76852541e-03, 2.71291751e-03, 2.68779006e-02,
       1.92258880e-02, 5.30484645e-03, -3.29413987e-03, 7.60019273e-02,
       2.53311414e-02, 2.32672101e-04, 1.16871954e-04, 4.49155970e-03,
       2.95158289e-03, -9.58216842e-04, -5.64752554e-04, 3.45876650e-03,
       2.49939854e-03, 3.36965593e-03, -6.60139509e-03, 2.31437460e-02,
       1.73580125e-02, 3.84477451e-02, 6.79680452e-05, 6.49997965e-02,
       2.29102001e-02, -4.64707206e-04, 5.22787799e-04, 4.87566181e-03,
       3.02906544e-03, -7.86378328e-03, -7.00367789e-04, 2.40151715e-02,
       1.43861398e-02, -3.98075936e-04, -1.84239019e-02, 1.26828104e-01,
       8.12751353e-02, 3.42987388e-01, -1.87025443e-02, 5.27080774e-01,
       1.37574762e-01, -7.11000990e-03, 9.16947960e-04, 3.51250432e-02,
       1.94914192e-02, -7.88908359e-03, 1.73504255e-03, 2.41907779e-02,
       1.58013105e-02, 8.75089876e-03, 3.19935605e-02, 1.34993508e-01,
       9.84854028e-02, 3.21928054e-01, 1.68853533e-02, 5.06286621e-01,
       1.43278092e-01, -6.79519726e-03, -2.17961450e-03, 3.51383984e-02,
       1.96852740e-02, -8.82924825e-04, 5.68601885e-04, 3.47145461e-03,
       2.61826813e-03, 4.13821358e-03, 6.25856640e-03, 2.42893882e-02,
