%YAML:1.0
Dictionary: !!opencv-matrix
   rows: 75
   cols: 64
   dt: f
   data: [ -1.61683682e-04, -1.10240129e-03, 6.95419637e-03,
       5.52141992e-03, 2.49152966e-02, -3.02949478e-03, 5.38797192e-02,
       3.35599184e-02, 7.09961960e-03, 6.84860954e-03, 2.56361645e-02,
       2.15457603e-02, -6.50388887e-04, 5.28933597e-04, 3.13780480e-03,
       2.60903034e-03, -1.50383106e-02, -4.61221859e-03, 5.28932214e-02,
       4.50047068e-02, 3.19437414e-01, 1.58114508e-02, 4.80764180e-01,
       2.68557042e-01, 2.68017873e-02, 1.55914146e-02, 1.10931486e-01,
       7.89907724e-02, -5.30299591e-03, 1.24620134e-03, 1.85024198e-02,
       1.23985261e-02, -1.27855707e-02, 2.36879149e-03, 5.23986928e-02,
       4.21005301e-02, 3.30699712e-01, -3.71170342e-02, 5.00914335e-01,
       2.57530838e-01, 2.08042115e-02, -1.51756555e-02, 9.71498713e-02,
       7.15384930e-02, -5.22165466e-03, -1.40100112e-03, 1.83469187e-02,
       1.19630266e-02, -7.70318846e-04, 9.30370530e-04, 7.18301907e-03,
       5.38226450e-03, 3.13752219e-02, 3.90767306e-03, 6.09066077e-02,
       3.38688977e-02, 6.85347477e-03, -7.39862397e-03, 2.29859576e-02,
       1.91823542e-02, -5.74844307e-04, -6.02503831e-04, 3.04180384e-03,
       2.50006234e-03, -4.99032205e-04, -4.24769765e-04, 4.69237193e-03,
       4.48670052e-03, 2.48053786e-03, -4.91981208e-03, 3.32683474e-02,
       3.28652151e-02, 7.08067557e-03, 5.57240215e-04, 5.11564091e-02,
       3.50752324e-02, 1.65108111e-04, 6.64190957e-05, 6.44586189e-03,
       4.86297859e-03, -5.00235381e-03, -1.00301858e-03, 3.34848687e-02,
       2.83274613e-02, 1.20009081e-02, -2.50717551e-02, 2.00308919e-01,
       1.89098895e-01, 1.09653503e-01, -5.01628499e-04, 4.86960679e-01,
       2.65250772e-01, -7.70984741e-04, 1.42524179e-04, 4.86855246e-02,
       3.48542556e-02, -4.40196600e-03, 1.02608802e-03, 3.38753462e-02,
       2.69146096e-02, -8.07662867e-03, 1.84774213e-02, 1.89038247e-01,
       1.63747221e-01, 1.38507247e-01, 3.65507952e-03, 5.57873428e-01,
       2.31974781e-01, -1.40634412e-03, 5.61345259e-05, 4.87711169e-02,
       3.23679261e-02, -4.16561583e-04, 3.93307593e-04, 4.76551335e-03,
       4.31243656e-03, 1.72839372e-03, 5.14298165e-03, 3.35987173e-02,
       3.14710177e-02, 8.59185960e-03, -1.50348013e-03, 6.00308403e-02,
       3.49533185e-02, 4.44183606e-05, -6.29538990e-05, 6.49105525e-03,
       4.85515920e-03, -1.21478364e-03, 4.23893071e-04, 5.64797129e-03,
       4.06968314e-03, 1.06301783e-02, -6.17453875e-03, 5.53236417e-02,
       2.67129894e-02, 1.89155322e-02, 5.81094879e-04, 3.70006114e-02,
       1.95239913e-02, -1.31642355e-05, 3.96994001e-04, 3.51912621e-03,
       2.53451476e-03, -1.96912512e-03, 3.56507115e-03, 3.57271507e-02,
       2.29586959e-02, -5.57469092e-02, -4.74110898e-03, 4.43458706e-01,
       1.60791457e-01, 2.44190067e-01, -2.74326000e-02, 3.27066094e-01,
       1.13441475e-01, -2.88448157e-03, 2.24240054e-03, 2.33584363e-02,
       1.50977839e-02, 2.11766455e-03, 2.57684791e-04, 3.51973698e-02,
       2.16043107e-02, -1.27025843e-01, 9.37977713e-03, 4.62269843e-01,
       1.38272062e-01, 3.00432622e-01, 2.42492948e-02, 3.69413465e-01,
       1.02537274e-01, -4.02657827e-03, -4.60954237e-04, 2.35886723e-02,
       1.46777695e-02, -5.92451019e-04, -5.97528822e-04, 5.43484278e-03,
       3.83204711e-03, 4.18781856e-04, 5.24513377e-03, 6.01940677e-02,
       2.60248519e-02, 2.67891679e-02, 2.86747381e-04, 4.31552380e-02,
       1.94186438e-02, -3.20358318e-04, -4.90907114e-04, 3.48191406e-03,
       2.48447573e-03, -9.13679076e-04, -6.53305033e-04, 3.82180489e-03,
       2.27016304e-03, 4.18232307e-02, -4.80882190e-05, 5.70375696e-02,
       1.76929180e-02, -2.11083405e-02, 3.06070596e-03, 3.76975909e-02,
       1.49655696e-02, -5.59463922e-04, -2.40722395e-04, 4.27965401e-03,
       2.12943950e-03, -9.53219179e-03, -1.68038881e-03, 2.60421354e-02,
       1.30227627e-02, 3.68925899e-01, 1.38592673e-02, 4.43726629e-01,
       9.68837291e-02, -2.02566937e-01, 1.79875474e-02, 2.69048005e-01,
       8.78220201e-02, -2.40954338e-03, -7.66558049e-04, 3.02625559e-02,
       1.35660451e-02, -9.38525982e-03, 1.49312231e-03, 2.61721928e-02,
       1.30444709e-02, 3.66129398e-01, -1.47969611e-02, 4.37634617e-01,
       9.70128626e-02, -1.92675337e-01, -1.09251859e-02, 2.60267168e-01,
       8.77811834e-02, -3.57275549e-03, 1.40279171e-03, 3.06049883e-02,
       1.40214954e-02, -6.34530152e-04, 5.83531801e-04, 3.84514569e-03,
       2.21637869e-03, 4.15216461e-02, -5.05131553e-04, 5.64376898e-02,
       1.75013561e-02, -1.91392880e-02, -2.56071636e-03, 3.59752178e-02,
       1.47215659e-02, -7.86087883e-04, 3.33606440e-04, 4.36440157e-03,
       2.08708993e-03, -7.53344721e-05, -2.54660845e-04, 5.52604860e-03,
       5.23097534e-03, -1.91889994e-03, -1.59355160e-03, 4.02026214e-02,
       3.87227610e-02, 2.17884895e-03, -6.25655986e-03, 4.11593504e-02,
       4.12283391e-02, 4.68519196e-04, -1.46531907e-04, 5.55338850e-03,
       5.61562134e-03, -4.29738400e-04, -5.07127680e-03, 4.00570370e-02,
       3.53225730e-02, 9.75873768e-02, 6.07587956e-02, 3.43404859e-01,
       2.88398862e-01, -4.83212285e-02, 1.43288285e-01, 3.33381295e-01,
       3.30609381e-01, 1.15549553e-03, 3.45891295e-03, 4.26943079e-02,
       3.79440449e-02, -7.89420307e-03, -7.53921864e-04, 4.07150276e-02,
       3.34242173e-02, 2.18199089e-01, -4.32567075e-02, 3.38733077e-01,
       2.29298502e-01, -1.13416687e-01, -6.32731169e-02, 3.10073942e-01,
       2.58534759e-01, 2.33094208e-04, -1.73186848e-03, 4.33675870e-02,
       3.63559797e-02, -4.52365435e-04, 7.83938158e-04, 5.40575106e-03,
       4.90236981e-03, 1.13780601e-02, -4.79430571e-04, 4.00064997e-02,
       3.45521048e-02, -1.55929464e-03, -3.54712759e-03, 3.98557223e-02,
       3.70826870e-02, 6.72644383e-05, 3.28917842e-04, 5.72432671e-03,
       5.04371012e-03, -1.12934993e-03, -1.04263786e-03, 3.73286288e-03,
       3.15210712e-03, 7.10501336e-03, -9.89988633e-03, 2.42905691e-02,
       2.18445584e-02, 3.79757285e-02, 2.44344678e-03, 5.53347692e-02,
       3.32152098e-02, -3.53651441e-04, 1.73129467e-03, 6.20591268e-03,
       5.33973472e-03, -1.01158917e-02, -2.56680907e-03, 2.40114871e-02,
       1.63323339e-02, 4.75779399e-02, -2.31967177e-02, 1.21894680e-01,
       8.82031471e-02, 4.03809488e-01, -1.66452173e-02, 5.01720190e-01,
       2.37978101e-01, -1.83860101e-02, 5.68939431e-04, 4.93910424e-02,
       3.89645211e-02, -8.37557670e-03, 2.51424382e-03, 2.31621005e-02,
       1.60328206e-02, 6.24044500e-02, 3.74677591e-02, 1.29641950e-01,
       9.67009068e-02, 3.14704031e-01, -3.06838024e-02, 4.19929922e-01,
       2.47480303e-01, -1.01361992e-02, -1.63123235e-02, 4.87034619e-02,
       4.15962227e-02, -8.24746152e-04, 1.03802828e-03, 3.52694583e-03,
       3.03694047e-03, 1.00094136e-02, 1.04934452e-02, 2.64437739e-02,
       2.30194200e-02, 1.83253698e-02, 9.44610219e-04, 3.99824083e-02,
       3.00107207e-02, 9.69856221e-04, -9.11672891e-04, 5.88658312e-03,
       4.90399962e-03, 1.10902300e-04, -3.11481068e-04, 5.54525573e-03,
       5.85943973e-03, 2.24202545e-03, -3.63151892e-03, 4.60276864e-02,
       4.43030484e-02, 5.10847429e-03, 5.45880583e-04, 4.10740413e-02,
       4.30366285e-02, -2.08345402e-04, 1.29854176e-04, 4.64064674e-03,
       5.38713252e-03, -1.21270318e-03, -6.83774659e-03, 4.34818901e-02,
       4.76619527e-02, 4.79141064e-02, -9.09006037e-03, 3.84939253e-01,
       3.84972423e-01, 6.04787096e-02, 5.05314134e-02, 2.73142666e-01,
       3.86332005e-01, -6.80314668e-04, -2.19739275e-03, 3.43743861e-02,
       4.03662547e-02, -1.02245703e-03, 1.92280207e-03, 4.47190255e-02,
       3.56238522e-02, 1.66069984e-01, 4.00422327e-03, 4.74860519e-01,
       1.79253787e-01, -4.49648779e-03, 1.07615460e-02, 1.16654411e-01,
       1.08246386e-01, -5.30748861e-03, 2.21924623e-03, 3.48381661e-02,
       2.81046834e-02, -2.61053792e-04, 3.46352201e-04, 5.89808123e-03,
       4.52815229e-03, 1.26179671e-02, 1.93395116e-03, 5.84359691e-02,
