%YAML:1.0
Dictionary: !!opencv-matrix
   rows: 15
   cols: 64
   dt: f
   data: [ 2.05679553e-05, -6.53369119e-04, 3.85415647e-03,
       5.23553789e-03, 2.19955714e-03, -4.01476491e-03, 2.70341206e-02,
       3.61338817e-02, 4.85744700e-03, -4.21540858e-03, 2.80658044e-02,
       3.26573960e-02, 5.49312856e-04, -1.01855338e-04, 3.87495360e-03,
       4.10283078e-03, -4.23487742e-03, -1.49303889e-02, 2.63828747e-02,
       3.94188352e-02, 2.15032734e-02, -1.92821309e-01, 1.69176981e-01,
       3.68135780e-01, 1.67520657e-01, -4.18667421e-02, 3.16571116e-01,
       3.11435670e-01, -3.53477109e-04, 1.10157384e-02, 3.42323855e-02,
       3.48132923e-02, -1.09426240e-02, -2.40753032e-03, 2.51059346e-02,
       2.08303127e-02, -7.05647934e-03, 8.22907872e-03, 1.01685792e-01,
       9.20590311e-02, 3.58564824e-01, 3.21294852e-02, 4.69887882e-01,
       1.62249714e-01, -7.00356020e-03, 1.68737766e-04, 3.67160141e-02,
       2.69051529e-02, -1.02120941e-03, 1.15249655e-03, 3.33971111e-03,
       3.60343326e-03, 3.98818217e-03, 1.25546809e-02, 2.26856228e-02,
       2.63859555e-02, 3.44359018e-02, 4.57552029e-04, 5.41629270e-02,
       2.92320251e-02, -3.22099659e-05, -8.91426229e-04, 4.92824288e-03,
       4.06339020e-03, -2.39961533e-04, -2.05635544e-04, 6.74426835e-03,
       5.72529109e-03, 8.55843071e-03, -1.71355833e-03, 5.77330999e-02,
       3.82072590e-02, 4.61957790e-03, 5.70924021e-03, 3.35789286e-02,
       3.13260816e-02, -3.00268584e-04, 4.30322922e-04, 4.29660967e-03,
       3.92528763e-03, -7.37329572e-03, -7.82512501e-03, 5.33734374e-02,
       4.54029888e-02, 1.71569884e-01, 7.62550917e-04, 5.14305055e-01,
       2.93684721e-01, 1.17155677e-02, 2.57551987e-02, 1.66049495e-01,
       1.43820643e-01, -4.36815806e-03, 8.93687829e-04, 2.99973525e-02,
       2.17330288e-02, -1.59941111e-02, -1.74048310e-03, 5.53546809e-02,
       4.85949405e-02, 2.20247909e-01, -2.59317476e-02, 4.54092324e-01,
       2.88371891e-01, 2.33673281e-03, -2.94974092e-02, 1.69113606e-01,
       1.60740495e-01, -3.56415077e-03, -1.52023986e-03, 2.98294723e-02,
       2.28922553e-02, -7.97170680e-04, 9.23547545e-04, 7.21383654e-03,
       6.06901431e-03, 1.57434400e-02, 2.57404638e-03, 5.27974144e-02,
       3.88348252e-02, 3.69982072e-03, -7.35787069e-03, 3.29202637e-02,
       3.27656791e-02, -2.03877891e-04, -4.57269140e-04, 4.41403920e-03,
       4.13165567e-03, -6.86152664e-04, -6.49539637e-04, 5.06819785e-03,
       3.57236783e-03, 2.26758141e-02, -2.80156208e-04, 4.76277098e-02,
       2.68517081e-02, -4.80060419e-03, 3.74383130e-03, 4.23342176e-02,
       2.84713581e-02, 1.14791173e-05, -1.26899497e-04, 5.22490265e-03,
       3.86650069e-03, -9.94948205e-03, -2.41922890e-03, 3.68636623e-02,
       2.28163786e-02, 2.68160582e-01, 2.31291428e-02, 3.94224733e-01,
       1.59218118e-01, -1.20480500e-01, 2.56400332e-02, 3.20536882e-01,
       1.85789928e-01, 2.25384790e-03, -1.81259110e-03, 3.87602709e-02,
       2.70581041e-02, -9.69478954e-03, 2.51063984e-03, 3.67109440e-02,
       2.32554916e-02, 2.58811921e-01, -2.61703636e-02, 3.98065269e-01,
       1.73355579e-01, -1.21741809e-01, -4.32465523e-02, 3.23872030e-01,
       2.03848317e-01, 2.97651440e-03, 4.01776604e-04, 3.87130231e-02,
       2.78154761e-02, -5.65215421e-04, 6.13938028e-04, 5.07259974e-03,
       3.67858191e-03, 2.06612814e-02, -2.83530826e-04, 4.83853705e-02,
       2.78306082e-02, -5.12302108e-03, -2.74217501e-03, 4.27363925e-02,
       2.92009860e-02, 9.63087296e-05, 1.73232082e-04, 5.27360337e-03,
       3.93585814e-03, -2.80349224e-04, 3.05628346e-04, 5.38823707e-03,
       3.69564304e-03, -9.56571754e-03, -2.75366590e-03, 4.85673808e-02,
       2.50646081e-02, 2.29197480e-02, -7.81652983e-04, 5.03050424e-02,
       2.47054752e-02, -1.55201211e-04, 2.93025660e-04, 4.88408515e-03,
       3.42266588e-03, 2.87590455e-03, 1.51863031e-04, 3.81581746e-02,
       2.37039998e-02, -1.49516314e-01, -1.89897865e-02, 3.67377400e-01,
       1.51775375e-01, 2.42645711e-01, -2.16218065e-02, 4.04962152e-01,
       1.42962158e-01, -3.57862818e-03, 4.96726658e-04, 3.51869091e-02,
       2.16684192e-02, 1.86570047e-03, -1.55355094e-03, 3.77810076e-02,
       2.36352086e-02, -1.37149721e-01, 8.68476741e-03, 3.42090368e-01,
       1.42909884e-01, 2.36243144e-01, 1.72819775e-02, 4.29368109e-01,
       1.52382851e-01, -2.75465753e-03, -1.05027156e-03, 3.44944522e-02,
       2.19452456e-02, -3.55738885e-04, -2.65797164e-04, 5.29337488e-03,
       3.71771259e-03, -8.66095629e-03, 3.00715887e-03, 4.59562726e-02,
       2.46674828e-02, 2.26855092e-02, 6.71518152e-04, 5.29861040e-02,
       2.58428585e-02, -9.49342648e-05, -2.68785399e-04, 4.83889040e-03,
       3.48355668e-03, -1.14297215e-03, -5.49119664e-04, 2.79379217e-03,
       1.82382867e-03, 2.47707171e-03, -5.66854002e-03, 1.47196921e-02,
       1.18587967e-02, 5.08601069e-02, -8.97442224e-04, 6.72287196e-02,
       1.85054075e-02, -6.88753615e-04, 5.31404163e-04, 4.02978575e-03,
       2.30709254e-03, -9.12735984e-03, -6.77838339e-04, 1.90547761e-02,
       9.09604691e-03, 3.93717177e-03, -1.33563625e-02, 7.61308521e-02,
       4.73566204e-02, 4.10815209e-01, -1.31300287e-02, 5.12053907e-01,
       9.96455550e-02, -8.52379575e-03, 1.75232755e-03, 2.85604671e-02,
       1.38536384e-02, -9.11266916e-03, 8.53132806e-04, 1.91006083e-02,
       9.12895706e-03, 7.79095106e-04, 1.24492627e-02, 7.79463127e-02,
       4.62341122e-02, 4.19590712e-01, 1.66764688e-02, 5.22865832e-01,
       9.79155973e-02, -9.65239201e-03, -6.76294672e-04, 2.88626421e-02,
       1.34266941e-02, -1.19901588e-03, 5.37321321e-04, 2.82467855e-03,
       1.83338416e-03, 2.19922420e-03, 5.51895145e-03, 1.53289624e-02,
       1.19386986e-02, 5.29869571e-02, 1.24423322e-03, 6.93895817e-02,
       1.87735353e-02, -9.49489709e-04, -5.17760578e-04, 4.08442505e-03,
       2.26659444e-03, -2.03850737e-04, -7.68435712e-04, 5.95936272e-03,
       5.86762186e-03, 7.55726080e-03, -2.61751609e-03, 4.43898924e-02,
       4.27754596e-02, 3.15358629e-03, 1.59375055e-03, 3.83377410e-02,
       4.46176566e-02, 1.37190173e-05, 1.00962250e-04, 5.33286948e-03,
       5.98256430e-03, -7.46117486e-03, -1.90611603e-03, 4.44712788e-02,
       4.36929651e-02, 1.24669731e-01, 2.42926646e-03, 3.62543583e-01,
       3.38247001e-01, 1.71327144e-02, 5.26315011e-02, 2.62986362e-01,
       3.75401169e-01, -1.32070133e-03, 2.83614965e-03, 3.98396738e-02,
       4.51084077e-02, -3.72036709e-03, 4.94626351e-03, 4.45389859e-02,
       3.83764431e-02, 1.05629258e-01, 5.12435939e-03, 3.67769033e-01,
       2.48574808e-01, 4.29556593e-02, -3.05843391e-02, 2.39399150e-01,
       2.45293707e-01, -4.27286979e-03, -2.24284333e-04, 3.99141610e-02,
       3.77836749e-02, -1.07781227e-04, 4.01097554e-04, 5.96106378e-03,
       5.25622861e-03, 5.89210028e-03, 1.72394211e-03, 4.62225154e-02,
       3.76448743e-02, 5.74510312e-03, -3.27016087e-03, 3.66743952e-02,
       3.85506488e-02, -6.57265700e-05, -3.39315244e-04, 5.32251736e-03,
       5.35234995e-03, -1.50543440e-03, -7.99259986e-04, 4.77152877e-03,
       2.76398822e-03, 4.63326983e-02, -7.51006242e-04, 6.09633066e-02,
       2.18994189e-02, 4.11450630e-03, 4.44206316e-03, 2.55131703e-02,
       1.92178562e-02, -6.69142581e-04, 3.20129097e-04, 3.62178194e-03,
       2.78096413e-03, -1.62165668e-02, -2.51297047e-03, 3.35923210e-02,
       1.56615935e-02, 3.99772942e-01, 2.09840555e-02, 4.69690621e-01,
       1.29802912e-01, 5.75672463e-03, 3.01808305e-02, 1.46560803e-01,
       1.18357629e-01, -6.56435592e-03, 1.14731945e-03, 2.51624994e-02,
       1.84951555e-02, -1.64067876e-02, 2.28623208e-03, 3.40386368e-02,
       1.55130289e-02, 4.06076968e-01, -1.98744405e-02, 4.72994238e-01,
       1.28864229e-01, 4.69729071e-03, -2.24492159e-02, 1.44049048e-01,
       1.13055758e-01, -6.94610970e-03, -5.65713388e-04, 2.50978619e-02,
       1.81480497e-02, -1.41189166e-03, 9.08213260e-04, 4.86943685e-03,
       2.81760236e-03, 4.69492264e-02, 9.75825067e-04, 6.10727258e-02,
